4294967294,0
0,5
4294967294,394
4294967294,24
4294967294,7
4294967294,6
4294967294,22
4294967294,42
4294967294,76
4294967294,426
4294967294,1249
4294967278,132
4294967278,131
4294967278,130
4294967278,256
4294967278,129
4294967278,128
4294967278,127
4294967278,126
4294967278,125
4294967278,124
4294967278,123
4294967278,122
4294967278,121
4294967278,249
4294967278,120
4294967278,247
4294967278,119
4294967278,245
4294967278,118
4294967278,117
4294967278,241
4294967278,116
4294967278,115
4294967278,114
4294967278,113
4294967278,235
4294967278,112
4294967278,111
4294967278,110
4294967278,229
4294967278,109
4294967278,108
4294967278,225
4294967278,107
4294967278,223
4294967278,106
4294967278,221
4294967278,105
4294967278,219
4294967278,104
4294967278,217
4294967278,103
4294967278,215
4294967278,102
4294967278,101
4294967278,100
4294967278,99
4294967278,98
4294967278,97
4294967278,96
4294967278,95
4294967278,94
4294967278,93
4294967278,92
4294967278,91
4294967278,90
4294967278,89
4294967278,87
4294967278,86
4294967278,85
4294967278,84
4294967278,83
4294967278,82
4294967278,81
4294967278,80
4294967278,79
4294967278,78
4294967278,77
4294967278,76
4294967278,75
4294967278,74
4294967278,73
4294967278,72
4294967278,71
4294967278,70
4294967278,69
4294967278,68
4294967278,67
4294967278,66
4294967278,65
4294967278,64
4294967278,63
4294967278,62
4294967278,61
4294967278,60
4294967278,59
4294967278,58
4294967278,57
4294967278,56
4294967278,55
4294967278,54
4294967278,53
4294967278,52
4294967278,51
4294967278,50
4294967278,49
4294967278,48
4294967278,47
4294967278,46
4294967278,45
4294967278,44
4294967278,43
4294967278,42
4294967278,41
4294967278,40
4294967278,39
4294967278,38
4294967278,37
4294967278,174
4294967278,0
4294967279,138
4294967279,23
4294967279,19
4294967279,18
4294967279,268
4294967279,13
4294967279,9
4294967279,285
4294967279,8
4294967279,7
4294967279,261
4294967279,6
4294967279,275
4294967279,5
4294967279,174
4294967279,0
4294967279,281
4294967279,4
4294967294,61
4294967294,50
4294967294,39
4294967294,1085
4294967294,1084
4294967294,1082
4294967294,1081
4294967294,1080
4294967294,1076
4294967294,1077
4294967294,1157
4294967294,1075
4294967294,1074
4294967294,1066
4294967294,1070
4294967294,1069
4294967294,1073
4294967294,1065
4294967294,1152
4294967294,1153
4294967294,401
4294967294,417
4294967294,185
4294967294,182
4294967294,173
4294967294,163
4294967294,17
4294967294,52
4294967294,25
4294967294,12
4294967294,470
4294967294,26
4294967294,81
4294967294,67
4294967294,1163
4294967294,83
4294967294,68
4294967294,11
4294967294,5
4294967279,428
4294967278,380
4294967278,379
4294967279,427
47,6
47,5
47,4
47,3
47,2
47,1
4294967279,426
4294967278,378
4294967278,377
4294967279,425
4294967278,376
4294967278,375
4294967279,424
46,7
46,6
46,5
46,4
46,3
46,2
46,1
4294967278,374
4294967278,373
4294967279,423
4294967278,372
4294967279,422
4294967278,371
4294967279,421
4294967278,370
4294967278,369
4294967278,368
4294967279,420
4294967278,367
4294967278,366
4294967279,419
4294967278,365
4294967279,418
44,10
44,9
44,8
44,7
44,6
44,5
44,4
44,3
44,2
44,1
4294967278,364
4294967278,363
4294967278,362
4294967279,417
4294967279,416
4294967278,361
4294967279,415
4294967279,414
4294967278,360
4294967279,413
4294967278,359
4294967278,358
4294967279,412
4294967279,411
4294967294,477
4294967279,410
4294967278,357
4294967279,409
4294967278,356
4294967278,355
41,6
41,5
41,4
41,3
41,2
41,1
4294967279,408
4294967278,354
40,5
40,4
40,3
40,2
40,1
4294967278,353
4294967278,352
4294967279,407
4294967279,406
4294967278,351
4294967294,1434
4294967278,350
4294967279,405
4294967278,349
39,6
39,5
39,4
39,3
39,2
39,1
4294967279,404
4294967279,403
4294967279,402
4294967278,348
37,5
37,4
37,3
37,2
37,1
4294967279,401
4294967278,347
4294967279,400
4294967279,399
4294967278,346
4294967279,398
4294967278,345
4294967279,397
4294967278,344
4294967278,343
4294967279,396
36,6
36,5
36,4
36,3
36,2
36,1
4294967279,395
4294967279,394
4294967278,342
4294967279,393
4294967278,341
4294967278,340
4294967279,392
4294967278,339
35,7
35,6
35,5
35,4
35,3
35,2
35,1
4294967279,391
4294967278,338
4294967278,337
4294967279,390
4294967278,336
4294967278,335
4294967279,389
4294967278,334
4294967279,388
34,6
34,5
34,4
34,3
34,2
34,1
4294967279,387
4294967278,333
4294967278,332
4294967279,386
4294967278,331
4294967278,330
4294967279,385
4294967294,476
4294967294,1433
4294967278,329
4294967279,384
4294967279,319
33,12
33,11
33,10
33,9
33,8
33,7
33,6
33,5
33,4
33,3
33,2
33,1
4294967279,318
4294967278,328
4294967278,327
4294967279,317
4294967279,316
4294967278,326
4294967279,315
4294967278,325
4294967279,314
4294967279,313
4294967278,324
32,6
32,5
32,4
32,3
32,2
32,1
4294967279,312
4294967278,323
4294967278,322
4294967279,311
4294967278,321
4294967278,320
4294967279,310
4294967278,319
31,6
31,5
31,4
31,3
31,2
31,1
4294967278,318
4294967279,309
4294967278,317
4294967279,308
4294967279,307
4294967278,316
4294967294,439
4294967278,315
30,8
30,7
30,6
30,5
30,4
30,3
30,2
30,1
4294967279,306
4294967278,314
4294967278,313
4294967278,312
